header: 
  seq: 0
  stamp: 
    secs: 1743151426
    nsecs: 388361593
  frame_id: "base_link"
grasps: 
  - 
    position: 
      x: 0.012828796474861612
      y: -0.13561316932808215
      z: 0.4783507410607037
    approach: 
      x: 0.08924355164381441
      y: 0.43458607916271447
      z: 0.8961978176094698
    binormal: 
      x: -0.4571055319199846
      y: -0.781563079589023
      z: 0.42451582457132325
    axis: 
      x: 0.884923793994797
      y: -0.4475422800376534
      z: 0.1289022358244915
    width: 
      data: 0.0577111579477787
    score: 
      data: 128.28512573242188
    sample: 
      x: 0.0204689372330904
      y: -0.10563018918037415
      z: 0.5300000309944153
---

