header: 
  seq: 0
  stamp: 
    secs: 1743167058
    nsecs:  13709649
  frame_id: "base_link"
grasps: 
  - 
    position: 
      x: 0.039376347448636016
      y: -0.10646306254295379
      z: 0.5181931234131114
    approach: 
      x: 0.35788252344131627
      y: -0.2707350217232367
      z: 0.8936568958094568
    binormal: 
      x: -0.3313232776759314
      y: 0.8579551018660015
      z: 0.39260403570541225
    axis: 
      x: -0.8730091552127923
      y: -0.43659545484878515
      z: 0.21734632207614876
    width: 
      data: 0.0606895312666893
    score: 
      data: 475.76934814453125
    sample: 
      x: 0.04996556043624878
      y: -0.12076372653245926
      z: 0.5320000052452087
---
